"OPEN 6.1.4"
"Fri May 17 2019 13:57:08"
<open><version>"6.1.4"</version></open>
<open><configfile>"/User/Configs/UserPrefs/FactoryDefault_6.1.xml"</configfile></open>
<open><light><source>"Sun+Sky"</source><par_in>1 <sensor>"GA-2899"<cal>0.85<actinity>1.00</actinity><transm>1.00</transm></cal></sensor><transm>1 </transm></par_in><par_out>1 <sensor>"Q42981"<cal>7.66 </cal></sensor></par_out></light></open>
<open><comps><file>"/User/Configs/Comps/StdComps_6.1"<header>""</header><extras></extras></file><energybal>no<f_parIn>1 </f_parIn><f_parOut>0 </f_parOut><alphaK>0.19</alphaK></energybal><bc_total>2.840<stomatal_ratio>1</stomatal_ratio><bc_oneside>1.420<type>2 </type><table>"/Sys/Lib/StdBLCTable"</table><area>6</area><slope>-0.219565 </slope><offset>2.73739 </offset><fan>5 </fan></bc_oneside></bc_total></comps></open>
<open><prompts><onlog>off</onlog><items>"Default (none)"</items></prompts></open>
<open><constants><oxygen>21 %</oxygen><bb_vapor>1.5 </bb_vapor><bb_oxy>0.9 </bb_oxy></constants></open>
<open><stability><items>"Std Stability"<items[1]><id>-2 </id><size>15 </size><pcv><onoff>0 </onoff><value>1 </value></pcv><std><onoff>0 </onoff><value>1 </value></std><slp><onoff>1 </onoff><value>1 </value></slp></items[1]><items[2]><id>-5 </id><size>15 </size><pcv><onoff>0 </onoff><value>1 </value></pcv><std><onoff>0 </onoff><value>1 </value></std><slp><onoff>1 </onoff><value>1 </value></slp></items[2]><items[3]><id>-7 </id><size>15 </size><pcv><onoff>0 </onoff><value>1 </value></pcv><std><onoff>0 </onoff><value>1 </value></std><slp><onoff>1 </onoff><value>1 </value></slp></items[3]></items></stability></open>
<open><log><format>"StdLogFmt_6.0"<items>{ -35  -21  -36  -76  30  23  36  21  25  221  -33  111  -34  11  -9  -10  -8  -1  -2  -4  -5  -14  -15  -7  -12  -13  -11  -65  -66  -72  -18  -19  -77  -78  -79  -23   }<hdr>{  }</hdr></items></format><options><beep>on</beep><hdr>normal</hdr><rem>normal</rem><stab>no</stab><stats>no<period>15 </period></stats><excel>yes</excel><comm>no</comm></options><datafile>"/User/00-tdl-test"</datafile><button><action>"Normal Log"<code>" LogOneObsManual "</code></action></button><autoprog>"/User/Configs/AutoProgs/AutoLog"<active>no</active></autoprog></log></open>
<open><a2d><avgtime>4.0 secs</avgtime><userchans><ch20>"Off"</ch20><ch21>"Off"</ch21><ch22>"Off"</ch22><ch23>"Off"</ch23></userchans></a2d></open>
<open><matching><type>0 </type><disp>'a'</disp><settings><CO2Limit>10.0</CO2Limit><H2OLimit>1.0</H2OLimit><MaxAutoTime>60 </MaxAutoTime></settings></matching></open>
<li6400><factory><unit>"PSC-2899"</unit><serviced>"12 Jan 2015"</serviced><fuseaware>0 </fuseaware><co2mixer>yes</co2mixer><co2><coeffs>{ 0  0.224506  1.21988e-05  3.10389e-08  -6.58779e-12  6.42386e-16   }</coeffs><dvdt>-3.7 </dvdt><xs>{ -1e-04  -0.0006   }</xs></co2><h2o><coeffs>{ 0  0.00585345  2.23984e-06  -5.73775e-12   }</coeffs><dvdt>-1.9 </dvdt><xs>{ -0.0035  0.0007   }</xs></h2o><flow>{ 0  0.364   }</flow><press>{ 87.836  0.00553   }</press></factory></li6400>
<li6400><user><flow_zero>-1201.2</flow_zero><irga_zero><co2>2231.3 2036.3<at>16.3189 </at></co2><h2o>905.1 788.1<at>27.4505 </at></h2o></irga_zero><irga_span><co2>{ 0.989087  0.992267   }</co2><h2o>{ 0.995132  1.00243   }</h2o></irga_span><irga_match><co2>{ 0.82056  2.3548   }</co2><h2o>{ 0.0787986  -0.10072   }</h2o></irga_match><co2_mixer><pump_mv>4500 </pump_mv><ppm>{ 2297.84  1056.17  403.094  242.018  109.688  64.0047  42.4238  36.5856   }</ppm><mv>{ 5000  3000  1500  1000  500  300  200  100   }</mv></co2_mixer><parin_offset>0 </parin_offset><led_cal><unit>"SI-2893"</unit><mv>{ 10  25  50  100  1000  2000  3000  4000  5000   }</mv><qntm>{ 4.64046  17.4487  38.9642  88.2345  984.417  1922.31  2803.04  3647.03  4435.23   }</qntm></led_cal><lcf_cal><unit>"LCF-1272"</unit><red><mv>{ 50  100  200  400  800  1500   }</mv><qntm>{ 77.8088  165.928  344.088  714.767  1469.83  2776.36   }</qntm></red><blue><mv>{ 100  500  1000  2000  3000  4000  5000   }</mv><qntm>{ 9.87075  45.1756  77.8014  138.953  192.451  238.568  280.609   }</qntm></blue></lcf_cal></user></li6400>
"13:57:10 "
$STARTOFDATA$
"Obs"	"HHMMSS"	"FTime"	"EBal?"	"Photo"	"Cond"	"Ci"	"Trmmol"	"VpdL"	"CTleaf"	"Area"	"BLC_1"	"StmRat"	"BLCond"	"Tair"	"Tleaf"	"TBlk"	"CO2R"	"CO2S"	"H2OR"	"H2OS"	"RH_R"	"RH_S"	"Flow"	"PARi"	"PARo"	"Press"	"CsMch"	"HsMch"	"StableF"	"BLCslope"	"BLCoffst"	"f_parin"	"f_parout"	"alphaK"	"Status"
"13:02:51 Launched AutoProg /User/Configs/AutoProgs/AutoLog"
1	"13:03:05"	-3232.0	0	-0.937	0.000372	4.24E+03	0.0117	2.58	24.86	6	1.42	1	2.84	24.71	24.86	24.72	318.41	319.53	6.889	6.903	18.39	18.43	499.8	-0	0	83.44	2.35	-0.101	1.0	-0.22	2.74	1.00	0.00	0.19	111105
2	"13:03:16"	-3221.5	0	-0.0637	0.000202	795	0.00634	2.56	24.73	6	1.42	1	2.84	24.72	24.73	24.72	319.81	319.89	6.873	6.880	18.34	18.36	499.9	-0	0	83.44	2.35	-0.101	0.7	-0.22	2.74	1.00	0.00	0.19	111105
3	"13:03:26"	-3211.0	0	-2.14	0.00373	1.21E+03	0.117	2.57	24.74	6	1.42	1	2.84	24.72	24.74	24.73	321.24	323.77	6.596	6.736	17.60	17.97	499.9	-0	0	83.44	2.35	-0.101	0.7	-0.22	2.74	1.00	0.00	0.19	111105
4	"13:03:36"	-3201.0	0	0.607	0.00664	165	0.209	2.57	24.74	6	1.42	1	2.84	24.72	24.74	24.73	324.34	323.53	6.462	6.711	17.24	17.90	499.9	-0	0	83.44	2.35	-0.101	0.7	-0.22	2.74	1.00	0.00	0.19	111105
5	"13:03:47"	-3190.5	0	-1.89	-0.00317	-624	-0.1	2.57	24.74	6	1.42	1	2.84	24.73	24.74	24.73	320.77	323.08	6.779	6.660	18.08	17.76	499.8	-0	0	83.44	2.35	-0.101	1.0	-0.22	2.74	1.00	0.00	0.19	111105
6	"13:03:57"	-3180.0	0	-0.204	0.00242	439	0.0762	2.57	24.74	6	1.42	1	2.84	24.73	24.74	24.74	323.29	323.51	6.585	6.676	17.56	17.80	500.1	-0	0	83.44	2.35	-0.101	1.0	-0.22	2.74	1.00	0.00	0.19	111105
7	"13:04:08"	-3169.5	0	-0.713	0.00406	583	0.128	2.59	24.75	6	1.42	1	2.84	24.74	24.75	24.74	323.82	324.63	6.373	6.526	16.99	17.40	499.8	-0	0	83.44	2.35	-0.101	0.3	-0.22	2.74	1.00	0.00	0.19	111105
8	"13:04:18"	-3159.5	0	-1.54	0.00382	938	0.122	2.6	24.76	6	1.42	1	2.84	24.74	24.76	24.74	323.35	325.15	6.278	6.423	16.73	17.12	499.9	-0	0	83.44	2.35	-0.101	0.7	-0.22	2.74	1.00	0.00	0.19	111105
9	"13:04:28"	-3149.0	0	-2.41	-0.01	-65.6	-0.319	2.59	24.77	6	1.42	1	2.84	24.74	24.77	24.75	320.26	323.27	6.990	6.609	18.62	17.61	500.1	-0	0	83.44	2.35	-0.101	0.7	-0.22	2.74	1.00	0.00	0.19	111105
10	"13:04:39"	-3138.5	0	-2.46	-0.00855	-142	-0.27	2.57	24.78	6	1.42	1	2.84	24.75	24.78	24.75	318.89	321.95	7.124	6.803	18.98	18.12	499.9	-0	0	83.45	2.35	-0.101	0.3	-0.22	2.74	1.00	0.00	0.19	111105
11	"13:04:49"	-3128.5	0	-2.02	-0.00542	-275	-0.171	2.56	24.79	6	1.42	1	2.84	24.75	24.79	24.76	318.69	321.18	7.107	6.904	18.93	18.39	499.9	-0	0	83.45	2.35	-0.101	0.7	-0.22	2.74	1.00	0.00	0.19	111105
12	"13:04:59"	-3118.0	0	-1.43	-0.00443	-198	-0.139	2.55	24.77	6	1.42	1	2.84	24.76	24.77	24.76	318.89	320.65	7.145	6.979	19.02	18.58	500.0	-0	0	83.45	2.35	-0.101	0.7	-0.22	2.74	1.00	0.00	0.19	111105
13	"13:05:10"	-3107.5	0	-1.63	-0.00402	-329	-0.126	2.55	24.78	6	1.42	1	2.84	24.76	24.78	24.77	318.30	320.31	7.179	7.029	19.11	18.71	499.9	0	0	83.45	2.35	-0.101	0.7	-0.22	2.74	1.00	0.00	0.19	111105
14	"13:05:20"	-3097.5	0	-1.8	-0.00252	-806	-0.0789	2.55	24.77	6	1.42	1	2.84	24.77	24.77	24.77	317.76	319.95	7.130	7.036	18.97	18.72	499.9	-0	0	83.44	2.35	-0.101	0.7	-0.22	2.74	1.00	0.00	0.19	111105
15	"13:05:30"	-3087.0	0	-0.951	-0.00221	-369	-0.069	2.55	24.77	6	1.42	1	2.84	24.77	24.77	24.77	318.44	319.61	7.133	7.051	18.98	18.76	500.1	-0	0	83.44	2.35	-0.101	0.3	-0.22	2.74	1.00	0.00	0.19	111105
16	"13:05:41"	-3076.5	0	-1.51	-0.000913	-2.27E+03	-0.0286	2.55	24.78	6	1.42	1	2.84	24.78	24.78	24.78	317.98	319.80	7.044	7.010	18.74	18.64	499.9	-0	0	83.44	2.35	-0.101	0.3	-0.22	2.74	1.00	0.00	0.19	111105
17	"13:05:51"	-3066.5	0	-1.77	-0.00322	-552	-0.101	2.56	24.80	6	1.42	1	2.84	24.78	24.80	24.78	317.13	319.29	7.159	7.039	19.04	18.72	500.0	-0	0	83.45	2.35	-0.101	0.7	-0.22	2.74	1.00	0.00	0.19	111105
18	"13:06:01"	-3056.0	0	-1.3	-0.00354	-268	-0.111	2.55	24.81	6	1.42	1	2.84	24.78	24.81	24.79	317.28	318.88	7.221	7.089	19.20	18.85	500.0	-0	0	83.44	2.35	-0.101	0.7	-0.22	2.74	1.00	0.00	0.19	111105
19	"13:06:12"	-3045.5	0	-1.33	-0.00332	-320	-0.104	2.55	24.82	6	1.42	1	2.84	24.79	24.82	24.79	317.12	318.75	7.248	7.124	19.26	18.93	500.0	-0	0	83.44	2.35	-0.101	1.0	-0.22	2.74	1.00	0.00	0.19	111105
20	"13:06:22"	-3035.5	0	-0.898	-0.00226	-315	-0.0708	2.55	24.82	6	1.42	1	2.84	24.79	24.82	24.80	317.60	318.71	7.235	7.150	19.22	19.00	499.8	-0	0	83.44	2.35	-0.101	1.0	-0.22	2.74	1.00	0.00	0.19	111105
21	"13:06:32"	-3025.0	0	-1.44	-0.00268	-537	-0.0839	2.55	24.83	6	1.42	1	2.84	24.80	24.83	24.80	317.13	318.89	7.244	7.144	19.24	18.97	500.0	-0	0	83.44	2.35	-0.101	0.3	-0.22	2.74	1.00	0.00	0.19	111105
22	"13:06:43"	-3014.5	0	-1.51	-0.00388	-303	-0.121	2.55	24.84	6	1.42	1	2.84	24.81	24.84	24.81	316.69	318.55	7.332	7.187	19.46	19.08	499.9	-0	0	83.44	2.35	-0.101	0.3	-0.22	2.74	1.00	0.00	0.19	111105
23	"13:06:53"	-3004.5	0	-1.11	-0.00157	-798	-0.0491	2.55	24.83	6	1.42	1	2.84	24.81	24.83	24.81	317.26	318.61	7.250	7.191	19.24	19.09	500.0	-0	0	83.44	2.35	-0.101	1.0	-0.22	2.74	1.00	0.00	0.19	111105
24	"13:07:03"	-2994.0	0	-1.19	-0.00217	-548	-0.0679	2.55	24.85	6	1.42	1	2.84	24.81	24.85	24.82	317.30	318.75	7.279	7.198	19.31	19.10	499.9	-0	0	83.44	2.35	-0.101	1.0	-0.22	2.74	1.00	0.00	0.19	111105
25	"13:07:14"	-2983.5	0	-0.981	0.000459	3.64E+03	0.0144	2.55	24.85	6	1.42	1	2.84	24.82	24.85	24.82	317.94	319.11	7.156	7.173	18.98	19.03	500.0	-0	0	83.44	2.35	-0.101	0.7	-0.22	2.74	1.00	0.00	0.19	111105
26	"13:07:24"	-2973.5	0	-0.986	-0.00294	-220	-0.0921	2.55	24.86	6	1.42	1	2.84	24.82	24.86	24.83	317.98	319.20	7.280	7.170	19.30	19.01	499.9	-0	0	83.44	2.35	-0.101	0.7	-0.22	2.74	1.00	0.00	0.19	111105
27	"13:07:34"	-2963.0	0	-0.697	-0.00323	-33	-0.101	2.55	24.87	6	1.42	1	2.84	24.83	24.87	24.83	318.48	319.36	7.343	7.222	19.46	19.15	499.9	-0	0	83.44	2.35	-0.101	1.0	-0.22	2.74	1.00	0.00	0.19	111105
28	"13:07:45"	-2952.5	0	-0.778	-0.000837	-1.15E+03	-0.0262	2.55	24.84	6	1.42	1	2.84	24.83	24.84	24.84	318.80	319.74	7.242	7.210	19.19	19.11	499.9	-0	0	83.44	2.35	-0.101	0.7	-0.22	2.74	1.00	0.00	0.19	111105
29	"13:07:55"	-2942.5	0	-1.62	-0.00257	-680	-0.0806	2.55	24.85	6	1.42	1	2.84	24.84	24.85	24.84	317.78	319.75	7.282	7.186	19.29	19.04	499.9	-0	0	83.44	2.35	-0.101	0.7	-0.22	2.74	1.00	0.00	0.19	111105
30	"13:08:05"	-2932.0	0	-0.638	-0.000598	-1.36E+03	-0.0187	2.56	24.87	6	1.42	1	2.84	24.84	24.87	24.85	319.57	320.34	7.209	7.187	19.10	19.04	499.9	-0	0	83.44	2.35	-0.101	0.7	-0.22	2.74	1.00	0.00	0.19	111105
31	"13:08:15"	-2921.5	0	-1.74	-0.0035	-469	-0.11	2.55	24.88	6	1.42	1	2.84	24.85	24.88	24.85	317.89	320.02	7.352	7.221	19.47	19.12	499.9	-0	0	83.44	2.35	-0.101	1.0	-0.22	2.74	1.00	0.00	0.19	111105
32	"13:08:25"	-2911.5	0	-1.63	-0.00351	-419	-0.11	2.55	24.88	6	1.42	1	2.84	24.85	24.88	24.85	317.52	319.52	7.402	7.271	19.60	19.25	500.0	-0	0	83.44	2.35	-0.101	0.7	-0.22	2.74	1.00	0.00	0.19	111105
33	"13:08:36"	-2901.0	0	-1.19	-0.00282	-356	-0.0882	2.55	24.89	6	1.42	1	2.84	24.86	24.89	24.86	317.68	319.14	7.412	7.307	19.62	19.34	500.0	-0	0	83.44	2.35	-0.101	0.7	-0.22	2.74	1.00	0.00	0.19	111105
34	"13:08:46"	-2890.5	0	-1.57	-0.0019	-989	-0.0593	2.55	24.89	6	1.42	1	2.84	24.86	24.89	24.86	317.02	318.93	7.373	7.302	19.51	19.32	499.9	-0	0	83.44	2.35	-0.101	0.7	-0.22	2.74	1.00	0.00	0.19	111105
35	"13:08:56"	-2880.5	0	6.47	0.0087	-858	0.272	2.56	24.90	6	1.42	1	2.84	24.87	24.90	24.87	328.60	320.73	6.886	7.210	18.22	19.07	500.0	-0	0	83.44	2.35	-0.101	0.7	-0.22	2.74	1.00	0.00	0.19	111105
36	"13:09:07"	-2870.0	0	7.13	0.00182	-5.81E+03	0.0574	2.58	24.91	6	1.42	1	2.84	24.87	24.91	24.87	338.80	330.22	6.954	7.022	18.39	18.57	499.8	-0	0	83.44	2.35	-0.101	0.3	-0.22	2.74	1.00	0.00	0.19	111105
37	"13:09:17"	-2859.5	0	1.66	0.00256	-683	0.0811	2.58	24.91	6	1.42	1	2.84	24.87	24.91	24.88	347.37	345.34	6.863	6.960	18.15	18.40	499.9	-0	0	83.44	2.35	-0.101	0.7	-0.22	2.74	1.00	0.00	0.19	111105
38	"13:09:27"	-2849.5	0	-8.16	-0.00454	-2.47E+03	-0.144	2.58	24.91	6	1.42	1	2.84	24.88	24.91	24.88	330.92	340.77	7.101	6.929	18.77	18.31	500.0	-0	0	83.44	2.35	-0.101	0.7	-0.22	2.74	1.00	0.00	0.19	111105
39	"13:09:38"	-2839.0	0	-8.43	-0.00981	-1.02E+03	-0.31	2.57	24.89	6	1.42	1	2.84	24.88	24.89	24.89	323.88	334.12	7.470	7.101	19.74	18.77	499.9	-0	0	83.44	2.35	-0.101	0.7	-0.22	2.74	1.00	0.00	0.19	111105
40	"13:09:48"	-2828.5	0	-5.22	-0.0063	-979	-0.198	2.56	24.92	6	1.42	1	2.84	24.89	24.92	24.89	321.36	327.71	7.513	7.277	19.84	19.22	499.9	-0	0	83.43	2.35	-0.101	0.3	-0.22	2.74	1.00	0.00	0.19	111105
41	"13:09:58"	-2818.5	0	-0.966	-0.00545	33.8	-0.171	2.55	24.92	6	1.42	1	2.84	24.89	24.92	24.89	324.62	325.84	7.536	7.332	19.90	19.36	499.9	-0	0	83.43	2.35	-0.101	0.7	-0.22	2.74	1.00	0.00	0.19	111105
42	"13:10:09"	-2808.0	0	-2.52	-0.0014	-2.51E+03	-0.0438	2.56	24.93	6	1.42	1	2.84	24.90	24.93	24.90	322.44	325.48	7.377	7.325	19.48	19.34	499.9	-0	0	83.43	2.35	-0.101	1.0	-0.22	2.74	1.00	0.00	0.19	111105
43	"13:10:19"	-2797.5	0	-1.11	0.00325	846	0.102	2.57	24.94	6	1.42	1	2.84	24.90	24.94	24.91	329.16	330.45	7.030	7.151	18.56	18.88	499.9	-0	0	83.43	2.35	-0.101	0.7	-0.22	2.74	1.00	0.00	0.19	111105
44	"13:10:29"	-2787.5	0	-3.9	0.000511	1.22E+04	0.0161	2.58	24.94	6	1.42	1	2.84	24.90	24.94	24.91	325.34	330.00	7.062	7.081	18.64	18.69	499.9	-0	0	83.43	2.35	-0.101	0.7	-0.22	2.74	1.00	0.00	0.19	111105
45	"13:10:40"	-2777.0	0	-2.41	0.00565	981	0.179	2.59	24.95	6	1.42	1	2.84	24.91	24.95	24.91	329.16	331.98	6.735	6.949	17.77	18.33	500.0	-0	0	83.43	2.35	-0.101	0.7	-0.22	2.74	1.00	0.00	0.19	111105
46	"13:10:50"	-2766.5	0	-4.28	-0.00695	-648	-0.22	2.58	24.95	6	1.42	1	2.84	24.91	24.95	24.92	322.74	327.96	7.325	7.062	19.32	18.63	499.9	-0	0	83.43	2.35	-0.101	0.7	-0.22	2.74	1.00	0.00	0.19	111105
47	"13:11:00"	-2756.5	0	-3.47	-0.00747	-414	-0.236	2.57	24.95	6	1.42	1	2.84	24.92	24.95	24.92	321.43	325.69	7.454	7.172	19.65	18.91	499.9	-0	0	83.43	2.35	-0.101	0.7	-0.22	2.74	1.00	0.00	0.19	111105
48	"13:11:11"	-2746.0	0	-1.92	-0.00439	-373	-0.138	2.57	24.95	6	1.42	1	2.84	24.92	24.95	24.92	322.40	324.76	7.422	7.257	19.56	19.13	499.9	-0	0	83.42	2.35	-0.101	0.7	-0.22	2.74	1.00	0.00	0.19	111105
49	"13:11:21"	-2735.5	0	-1.83	-0.0014	-1.73E+03	-0.044	2.57	24.96	6	1.42	1	2.84	24.93	24.96	24.93	322.48	324.69	7.307	7.255	19.26	19.12	500.1	-0	0	83.43	2.35	-0.101	0.7	-0.22	2.74	1.00	0.00	0.19	111105
50	"13:11:31"	-2725.5	0	-0.351	-0.00171	-12.3	-0.0538	2.57	24.96	6	1.42	1	2.84	24.93	24.96	24.93	324.13	324.57	7.327	7.263	19.30	19.13	499.8	-0	0	83.42	2.35	-0.101	0.3	-0.22	2.74	1.00	0.00	0.19	111105
51	"13:11:42"	-2715.0	0	1.62	0.00466	-231	0.147	2.58	24.96	6	1.42	1	2.84	24.93	24.96	24.94	331.28	329.27	6.911	7.087	18.21	18.67	500.0	-0	0	83.43	2.35	-0.101	0.7	-0.22	2.74	1.00	0.00	0.19	111105
52	"13:11:52"	-2704.5	0	-2.81	-0.00487	-586	-0.154	2.58	24.97	6	1.42	1	2.84	24.94	24.97	24.94	326.34	329.77	7.318	7.134	19.27	18.79	499.9	-0	0	83.43	2.35	-0.101	0.7	-0.22	2.74	1.00	0.00	0.19	111105
53	"13:12:02"	-2694.5	0	-3.29	-0.00586	-565	-0.185	2.57	24.97	6	1.42	1	2.84	24.94	24.97	24.95	323.56	327.59	7.469	7.249	19.66	19.08	499.9	-0	0	83.42	2.35	-0.101	0.7	-0.22	2.74	1.00	0.00	0.19	111105
54	"13:12:13"	-2684.0	0	-1.48	-0.0034	-369	-0.107	2.57	24.98	6	1.42	1	2.84	24.95	24.98	24.95	324.14	325.96	7.443	7.315	19.58	19.25	499.9	-0	0	83.42	2.35	-0.101	0.7	-0.22	2.74	1.00	0.00	0.19	111105
55	"13:12:23"	-2673.5	0	-0.767	-0.000234	-4.81E+03	-0.00737	2.57	24.98	6	1.42	1	2.84	24.95	24.98	24.96	325.78	326.70	7.285	7.276	19.16	19.14	499.9	-0	0	83.42	2.35	-0.101	0.7	-0.22	2.74	1.00	0.00	0.19	111105
56	"13:12:33"	-2663.5	0	-1.58	-0.00234	-742	-0.0738	2.57	24.99	6	1.42	1	2.84	24.96	24.99	24.96	325.33	327.25	7.335	7.247	19.29	19.06	500.0	-0	0	83.42	2.35	-0.101	0.7	-0.22	2.74	1.00	0.00	0.19	111105
57	"13:12:44"	-2653.0	0	-0.0515	-0.000113	-399	-0.00357	2.57	24.99	6	1.42	1	2.84	24.96	24.99	24.97	327.48	327.54	7.256	7.252	19.08	19.07	500.0	-0	0	83.42	2.35	-0.101	1.0	-0.22	2.74	1.00	0.00	0.19	111105
58	"13:12:54"	-2642.5	0	3.08	0.00263	-1.51E+03	0.0832	2.58	25.00	6	1.42	1	2.84	24.97	25.00	24.97	333.48	329.76	7.090	7.189	18.64	18.90	499.9	-0	0	83.42	2.35	-0.101	0.7	-0.22	2.74	1.00	0.00	0.19	111105
59	"13:13:05"	-2632.0	0	-1.08	-0.00057	-2.64E+03	-0.0181	2.58	25.00	6	1.42	1	2.84	24.97	25.00	24.98	330.75	332.05	7.200	7.179	18.93	18.87	500.0	-0	0	83.43	2.35	-0.101	0.7	-0.22	2.74	1.00	0.00	0.19	111105
60	"13:13:15"	-2622.0	0	-5.03	-0.00838	-621	-0.265	2.57	25.00	6	1.42	1	2.84	24.97	25.00	24.98	322.35	328.48	7.593	7.277	19.95	19.12	499.9	-0	0	83.43	2.35	-0.101	0.7	-0.22	2.74	1.00	0.00	0.19	111105
61	"13:13:25"	-2611.5	0	-1.39	-0.00495	-126	-0.156	2.56	25.00	6	1.42	1	2.84	24.98	25.00	24.98	324.78	326.51	7.587	7.401	19.93	19.45	499.9	-0	0	83.43	2.35	-0.101	0.7	-0.22	2.74	1.00	0.00	0.19	111105
62	"13:13:36"	-2601.0	0	-0.991	-0.000376	-3.8E+03	-0.0118	2.57	25.01	6	1.42	1	2.84	24.98	25.01	24.99	325.85	327.04	7.377	7.363	19.38	19.34	499.9	-0	0	83.43	2.35	-0.101	0.7	-0.22	2.74	1.00	0.00	0.19	111105
63	"13:13:46"	-2591.0	0	-1.48	-0.000896	-2.27E+03	-0.0283	2.57	25.01	6	1.42	1	2.84	24.98	25.01	24.99	325.59	327.38	7.342	7.308	19.28	19.19	499.9	-0	0	83.43	2.35	-0.101	0.7	-0.22	2.74	1.00	0.00	0.19	111105
64	"13:13:56"	-2580.5	0	-1.95	-0.00205	-1.18E+03	-0.0646	2.57	25.02	6	1.42	1	2.84	24.99	25.02	24.99	324.84	327.21	7.393	7.316	19.41	19.21	499.9	-0	0	83.42	2.35	-0.101	1.0	-0.22	2.74	1.00	0.00	0.19	111105
65	"13:14:07"	-2570.0	0	-1.7	-0.00109	-2.13E+03	-0.0343	2.58	25.02	6	1.42	1	2.84	24.99	25.02	25.00	324.84	326.89	7.341	7.300	19.27	19.16	499.9	-0	0	83.42	2.35	-0.101	0.7	-0.22	2.74	1.00	0.00	0.19	111105
66	"13:14:17"	-2560.0	0	-1.61	-0.00281	-581	-0.0889	2.57	25.03	6	1.42	1	2.84	24.99	25.03	25.00	324.60	326.57	7.426	7.320	19.49	19.21	499.9	-0	0	83.43	2.35	-0.101	0.7	-0.22	2.74	1.00	0.00	0.19	111105
67	"13:14:27"	-2549.5	0	-1.49	-0.00384	-294	-0.121	2.57	25.03	6	1.42	1	2.84	25.00	25.03	25.00	324.08	325.91	7.526	7.382	19.75	19.37	499.9	-0	0	83.43	2.35	-0.101	0.7	-0.22	2.74	1.00	0.00	0.19	111105
68	"13:14:38"	-2539.0	0	-1.54	-0.00271	-578	-0.0854	2.57	25.04	6	1.42	1	2.84	25.00	25.04	25.00	323.93	325.81	7.486	7.384	19.64	19.37	499.9	-0	0	83.42	2.35	-0.101	1.0	-0.22	2.74	1.00	0.00	0.19	111105
69	"13:14:48"	-2529.0	0	-1.41	-0.00237	-617	-0.0746	2.57	25.04	6	1.42	1	2.84	25.00	25.04	25.01	324.16	325.87	7.481	7.392	19.62	19.39	499.9	-0	0	83.42	2.35	-0.101	1.0	-0.22	2.74	1.00	0.00	0.19	111105
70	"13:14:58"	-2518.5	0	-1.61	-0.000263	-9.25E+03	-0.00831	2.57	25.04	6	1.42	1	2.84	25.01	25.04	25.01	324.33	326.27	7.359	7.349	19.30	19.27	500.0	-0	0	83.42	2.35	-0.101	0.7	-0.22	2.74	1.00	0.00	0.19	111105
71	"13:15:09"	-2508.0	0	-1.36	-0.00211	-691	-0.0669	2.58	25.05	6	1.42	1	2.84	25.01	25.05	25.02	324.18	325.84	7.423	7.343	19.46	19.25	499.9	-0	0	83.43	2.35	-0.101	0.7	-0.22	2.74	1.00	0.00	0.19	111105
72	"13:15:19"	-2498.0	0	-1.25	-0.00276	-397	-0.0874	2.57	25.05	6	1.42	1	2.84	25.01	25.05	25.02	324.06	325.59	7.468	7.364	19.58	19.31	499.9	-0	0	83.43	2.35	-0.101	0.7	-0.22	2.74	1.00	0.00	0.19	111105
73	"13:15:29"	-2487.5	0	-0.718	-0.000261	-3.98E+03	-0.00826	2.58	25.05	6	1.42	1	2.84	25.02	25.05	25.02	325.09	325.95	7.370	7.360	19.32	19.29	499.9	-0	0	83.43	2.35	-0.101	0.7	-0.22	2.74	1.00	0.00	0.19	111105
74	"13:15:40"	-2477.0	0	-0.862	6.91E-05	1.98E+04	0.00219	2.58	25.05	6	1.42	1	2.84	25.02	25.05	25.03	324.94	325.97	7.327	7.329	19.20	19.21	499.9	-0	0	83.42	2.35	-0.101	1.0	-0.22	2.74	1.00	0.00	0.19	111105
75	"13:15:50"	-2467.0	0	-1.82	-0.00248	-834	-0.0787	2.58	25.06	6	1.42	1	2.84	25.02	25.06	25.03	323.50	325.72	7.400	7.306	19.39	19.14	499.9	-0	0	83.42	2.35	-0.101	1.0	-0.22	2.74	1.00	0.00	0.19	111105
76	"13:16:00"	-2456.5	0	-1.46	-0.00261	-564	-0.0825	2.58	25.06	6	1.42	1	2.84	25.03	25.06	25.03	323.65	325.43	7.438	7.340	19.48	19.22	499.9	-0	0	83.42	2.35	-0.101	0.7	-0.22	2.74	1.00	0.00	0.19	111105
77	"13:16:11"	-2446.0	0	-1.21	-0.00189	-690	-0.0599	2.58	25.07	6	1.42	1	2.84	25.03	25.07	25.04	324.15	325.63	7.416	7.345	19.42	19.24	499.9	-0	0	83.42	2.35	-0.101	0.7	-0.22	2.74	1.00	0.00	0.19	111105
78	"13:16:21"	-2436.0	0	-1.77	-0.00485	-258	-0.154	2.58	25.07	6	1.42	1	2.84	25.03	25.07	25.04	323.01	325.19	7.570	7.387	19.82	19.34	499.9	-0	0	83.42	2.35	-0.101	0.7	-0.22	2.74	1.00	0.00	0.19	111105
79	"13:16:31"	-2425.5	0	-0.576	-0.000246	-3.35E+03	-0.00778	2.58	25.07	6	1.42	1	2.84	25.04	25.07	25.04	325.17	325.86	7.403	7.394	19.38	19.36	499.9	-0	0	83.42	2.35	-0.101	0.7	-0.22	2.74	1.00	0.00	0.19	111105
80	"13:16:42"	-2415.0	0	-2.02	-0.00279	-819	-0.0883	2.58	25.08	6	1.42	1	2.84	25.04	25.08	25.05	323.45	325.91	7.493	7.388	19.61	19.34	499.9	-0	0	83.42	2.35	-0.101	0.7	-0.22	2.74	1.00	0.00	0.19	111105
81	"13:16:52"	-2405.0	0	-1.54	-0.00415	-268	-0.131	2.57	25.08	6	1.42	1	2.84	25.05	25.08	25.05	323.54	325.43	7.607	7.451	19.90	19.50	499.9	-0	0	83.42	2.35	-0.101	0.7	-0.22	2.74	1.00	0.00	0.19	111105
82	"13:17:02"	-2394.5	0	0.947	0.000692	-1.83E+03	0.0219	2.57	25.08	6	1.42	1	2.84	25.05	25.08	25.06	327.27	326.12	7.433	7.459	19.45	19.52	500.0	-0	0	83.43	2.35	-0.101	0.7	-0.22	2.74	1.00	0.00	0.19	111105
83	"13:17:13"	-2384.0	0	-1.32	-0.00381	-229	-0.121	2.58	25.09	6	1.42	1	2.84	25.05	25.09	25.06	325.35	326.98	7.559	7.416	19.77	19.40	499.9	-0	0	83.43	2.35	-0.101	0.7	-0.22	2.74	1.00	0.00	0.19	111105
84	"13:17:23"	-2374.0	0	0.833	-0.000496	2.93E+03	-0.0157	2.58	25.09	6	1.42	1	2.84	25.06	25.09	25.06	329.49	328.50	7.453	7.434	19.49	19.44	499.9	-0	0	83.42	2.35	-0.101	0.7	-0.22	2.74	1.00	0.00	0.19	111105
85	"13:17:33"	-2363.5	0	0.195	0.000295	-718	0.00933	2.58	25.10	6	1.42	1	2.84	25.06	25.10	25.07	329.67	329.43	7.415	7.426	19.38	19.41	499.9	-0	0	83.42	2.35	-0.101	0.7	-0.22	2.74	1.00	0.00	0.19	111105
86	"13:17:44"	-2353.0	0	-4.32	-0.00225	-2.69E+03	-0.0714	2.59	25.10	6	1.42	1	2.84	25.06	25.10	25.07	324.08	329.29	7.406	7.321	19.36	19.13	500.0	-0	0	83.42	2.35	-0.101	0.7	-0.22	2.74	1.00	0.00	0.19	111105
87	"13:17:54"	-2343.0	0	-1.74	-0.00436	-311	-0.138	2.58	25.11	6	1.42	1	2.84	25.07	25.11	25.07	325.18	327.33	7.603	7.438	19.87	19.43	499.9	-0	0	83.42	2.35	-0.101	0.7	-0.22	2.74	1.00	0.00	0.19	111105
88	"13:18:04"	-2332.5	0	-1.66	-0.00358	-409	-0.113	2.58	25.11	6	1.42	1	2.84	25.07	25.11	25.08	324.79	326.83	7.614	7.479	19.89	19.54	499.8	-0	0	83.42	2.35	-0.101	0.7	-0.22	2.74	1.00	0.00	0.19	111105
89	"13:18:15"	-2322.0	0	-1.14	-0.00112	-1.27E+03	-0.0356	2.58	25.11	6	1.42	1	2.84	25.07	25.11	25.08	325.54	326.92	7.511	7.468	19.62	19.51	500.0	-0	0	83.41	2.35	-0.101	1.0	-0.22	2.74	1.00	0.00	0.19	111105
90	"13:18:25"	-2312.0	0	0.0784	0.00154	232	0.0489	2.58	25.12	6	1.42	1	2.84	25.08	25.12	25.08	327.67	327.55	7.364	7.423	19.23	19.38	499.9	-0	0	83.41	2.35	-0.101	0.7	-0.22	2.74	1.00	0.00	0.19	111105
91	"13:18:35"	-2301.5	0	-0.146	-0.00298	235	-0.0944	2.58	25.12	6	1.42	1	2.84	25.08	25.12	25.08	327.62	327.84	7.538	7.425	19.68	19.39	499.8	-0	0	83.41	2.35	-0.101	0.7	-0.22	2.74	1.00	0.00	0.19	111105
92	"13:18:46"	-2291.0	0	-2.17	-0.00349	-658	-0.111	2.58	25.12	6	1.42	1	2.84	25.08	25.12	25.09	325.69	328.33	7.569	7.437	19.76	19.42	500.0	-0	0	83.42	2.35	-0.101	0.7	-0.22	2.74	1.00	0.00	0.19	111105
93	"13:18:56"	-2281.0	0	-1.3	-0.002	-701	-0.0634	2.58	25.13	6	1.42	1	2.84	25.09	25.13	25.09	326.49	328.07	7.550	7.475	19.71	19.51	499.9	-0	0	83.42	2.35	-0.101	0.7	-0.22	2.74	1.00	0.00	0.19	111105
94	"13:19:06"	-2270.5	0	-1.84	-0.00161	-1.46E+03	-0.0512	2.58	25.13	6	1.42	1	2.84	25.09	25.13	25.09	325.38	327.61	7.525	7.464	19.64	19.48	500.0	-0	0	83.42	2.35	-0.101	0.7	-0.22	2.74	1.00	0.00	0.19	111105
95	"13:19:17"	-2260.0	0	6.75	0.0111	-638	0.351	2.59	25.13	6	1.42	1	2.84	25.09	25.13	25.10	339.75	331.51	6.927	7.345	18.08	19.17	500.0	-0	0	83.42	2.35	-0.101	0.7	-0.22	2.74	1.00	0.00	0.19	111105
96	"13:19:27"	-2250.0	0	-2.65	0.004	1.35E+03	0.128	2.61	25.13	6	1.42	1	2.84	25.09	25.13	25.10	331.27	334.40	6.933	7.085	18.09	18.49	499.9	-0	0	83.42	2.35	-0.101	0.3	-0.22	2.74	1.00	0.00	0.19	111105
97	"13:19:37"	-2239.5	0	-3.22	-0.00274	-1.52E+03	-0.0879	2.61	25.13	6	1.42	1	2.84	25.09	25.13	25.10	327.60	331.51	7.280	7.175	18.99	18.72	499.9	-0	0	83.42	2.35	-0.101	0.7	-0.22	2.74	1.00	0.00	0.19	111105
98	"13:19:48"	-2229.0	0	-0.0139	-0.00291	308	-0.0929	2.6	25.14	6	1.42	1	2.84	25.10	25.14	25.11	331.55	331.60	7.340	7.229	19.14	18.86	499.9	-0	0	83.42	2.35	-0.101	0.7	-0.22	2.74	1.00	0.00	0.19	111105
99	"13:19:58"	-2219.0	0	-3.06	-0.00197	-2.11E+03	-0.0628	2.6	25.14	6	1.42	1	2.84	25.10	25.14	25.11	327.91	331.61	7.328	7.253	19.11	18.91	499.9	-0	0	83.42	2.35	-0.101	0.7	-0.22	2.74	1.00	0.00	0.19	111105
100	"13:20:08"	-2208.5	0	-2.07	-0.000895	-3.29E+03	-0.0286	2.6	25.14	6	1.42	1	2.84	25.10	25.14	25.11	328.45	330.95	7.265	7.231	18.94	18.85	499.9	-0	0	83.42	2.35	-0.101	0.7	-0.22	2.74	1.00	0.00	0.19	111105
101	"13:20:19"	-2198.0	0	-0.706	-0.00164	-355	-0.0525	2.6	25.15	6	1.42	1	2.84	25.11	25.15	25.11	329.53	330.40	7.330	7.267	19.11	18.95	499.9	-0	0	83.42	2.35	-0.101	0.7	-0.22	2.74	1.00	0.00	0.19	111105
102	"13:20:29"	-2188.0	0	-2.07	-0.00574	-248	-0.183	2.6	25.15	6	1.42	1	2.84	25.11	25.15	25.12	326.79	329.35	7.552	7.333	19.68	19.11	499.9	-0	0	83.42	2.35	-0.101	0.7	-0.22	2.74	1.00	0.00	0.19	111105
103	"13:20:39"	-2177.5	0	-1.89	-0.00337	-560	-0.107	2.59	25.16	6	1.42	1	2.84	25.12	25.16	25.12	326.32	328.62	7.512	7.384	19.57	19.24	499.9	-0	0	83.42	2.35	-0.101	0.7	-0.22	2.74	1.00	0.00	0.19	111105
104	"13:20:50"	-2167.0	0	-0.97	-0.00138	-783	-0.044	2.59	25.16	6	1.42	1	2.84	25.12	25.16	25.12	327.24	328.42	7.428	7.376	19.35	19.22	500.0	-0	0	83.42	2.35	-0.101	0.7	-0.22	2.74	1.00	0.00	0.19	111105
105	"13:21:00"	-2157.0	0	-1.9	-0.00152	-1.63E+03	-0.0485	2.6	25.16	6	1.42	1	2.84	25.12	25.16	25.13	326.99	329.28	7.379	7.321	19.22	19.07	499.9	-0	0	83.42	2.35	-0.101	0.7	-0.22	2.74	1.00	0.00	0.19	111105
106	"13:21:10"	-2146.5	0	0.415	-0.00382	483	-0.122	2.6	25.17	6	1.42	1	2.84	25.12	25.17	25.13	331.00	330.55	7.524	7.379	19.59	19.22	499.9	-0	0	83.42	2.35	-0.101	0.7	-0.22	2.74	1.00	0.00	0.19	111105
107	"13:21:20"	-2136.0	0	-2.35	-0.00436	-525	-0.139	2.59	25.17	6	1.42	1	2.84	25.13	25.17	25.13	328.23	331.10	7.576	7.410	19.72	19.29	499.9	-0	0	83.42	2.35	-0.101	0.7	-0.22	2.74	1.00	0.00	0.19	111105
108	"13:21:30"	-2126.0	0	-1.52	-0.00241	-670	-0.0767	2.59	25.17	6	1.42	1	2.84	25.13	25.17	25.13	328.86	330.71	7.537	7.446	19.62	19.38	499.9	-0	0	83.41	2.35	-0.101	0.7	-0.22	2.74	1.00	0.00	0.19	111105
109	"13:21:41"	-2115.5	0	-1.38	-0.00262	-508	-0.0835	2.59	25.17	6	1.42	1	2.84	25.13	25.17	25.14	328.47	330.16	7.564	7.465	19.69	19.43	499.9	-0	0	83.41	2.35	-0.101	0.7	-0.22	2.74	1.00	0.00	0.19	111105
110	"13:21:51"	-2105.0	0	21	0.00459	-6.82E+03	0.146	2.6	25.18	6	1.42	1	2.84	25.14	25.18	25.14	369.30	344.05	7.198	7.372	18.73	19.18	499.9	-0	0	83.41	2.35	-0.101	0.7	-0.22	2.74	1.00	0.00	0.19	111105
111	"13:22:02"	-2094.5	0	-10.8	-0.000323	-5.18E+04	-0.0103	2.61	25.18	6	1.42	1	2.84	25.14	25.18	25.14	333.52	346.48	7.300	7.287	18.99	18.96	499.8	-0	0	83.41	2.35	-0.101	0.7	-0.22	2.74	1.00	0.00	0.19	111105
112	"13:22:12"	-2084.5	0	-5.76	0.00139	6.78E+03	0.0445	2.61	25.18	6	1.42	1	2.84	25.14	25.18	25.15	332.68	339.57	7.228	7.281	18.80	18.94	499.9	-0	0	83.41	2.35	-0.101	0.7	-0.22	2.74	1.00	0.00	0.19	111105
113	"13:22:22"	-2074.0	0	-3.44	-0.00062	-8.33E+03	-0.0199	2.61	25.19	6	1.42	1	2.84	25.14	25.19	25.15	331.11	335.24	7.296	7.272	18.97	18.91	499.9	-0	0	83.41	2.35	-0.101	0.7	-0.22	2.74	1.00	0.00	0.19	111105
114	"13:22:33"	-2063.5	0	-1.72	0.00415	964	0.133	2.62	25.18	6	1.42	1	2.84	25.15	25.18	25.15	332.62	334.62	7.024	7.182	18.27	18.68	500.0	0	0	83.41	2.35	-0.101	0.7	-0.22	2.74	1.00	0.00	0.19	111105
115	"13:22:43"	-2053.5	0	2.32	0.00891	-88.8	0.286	2.63	25.19	6	1.42	1	2.84	25.15	25.19	25.15	339.09	336.19	6.730	7.071	17.50	18.39	499.9	-0	0	83.41	2.35	-0.101	0.7	-0.22	2.74	1.00	0.00	0.19	111105
116	"13:22:53"	-2043.0	0	-3.41	-0.00181	-2.62E+03	-0.0585	2.63	25.19	6	1.42	1	2.84	25.15	25.19	25.16	331.52	335.64	7.074	7.004	18.39	18.21	499.9	-0	0	83.41	2.35	-0.101	0.7	-0.22	2.74	1.00	0.00	0.19	111105
117	"13:23:04"	-2032.5	0	-1.73	-0.00214	-940	-0.0691	2.63	25.19	6	1.42	1	2.84	25.15	25.19	25.16	332.31	334.41	7.156	7.074	18.60	18.39	500.0	-0	0	83.42	2.35	-0.101	0.7	-0.22	2.74	1.00	0.00	0.19	111105
118	"13:23:14"	-2022.5	0	-2.34	-0.00396	-605	-0.128	2.62	25.20	6	1.42	1	2.84	25.16	25.20	25.16	330.43	333.30	7.271	7.119	18.90	18.50	499.9	-0	0	83.42	2.35	-0.101	0.7	-0.22	2.74	1.00	0.00	0.19	111105
119	"13:23:24"	-2012.0	0	-1.95	-0.00285	-752	-0.0918	2.62	25.20	6	1.42	1	2.84	25.16	25.20	25.16	330.53	332.91	7.259	7.150	18.87	18.58	499.9	-0	0	83.42	2.35	-0.101	0.7	-0.22	2.74	1.00	0.00	0.19	111105
120	"13:23:35"	-2001.5	0	-0.356	0.00331	486	0.106	2.63	25.20	6	1.42	1	2.84	25.16	25.20	25.16	334.19	334.57	6.934	7.061	18.02	18.35	499.9	-0	0	83.42	2.35	-0.101	0.7	-0.22	2.74	1.00	0.00	0.19	111105
121	"13:23:45"	-1991.5	0	-0.87	0.00221	934	0.0713	2.63	25.21	6	1.42	1	2.84	25.16	25.21	25.17	334.91	335.93	6.920	7.005	17.98	18.20	499.9	-0	0	83.42	2.35	-0.101	0.7	-0.22	2.74	1.00	0.00	0.19	111105
122	"13:23:55"	-1981.0	0	0.689	0.00412	58.8	0.133	2.64	25.21	6	1.42	1	2.84	25.16	25.21	25.17	338.11	337.23	6.732	6.891	17.49	17.90	500.0	-0	0	83.42	2.35	-0.101	0.7	-0.22	2.74	1.00	0.00	0.19	111105
123	"13:24:06"	-1970.5	0	6.55	0.0123	-509	0.4	2.67	25.21	6	1.42	1	2.84	25.16	25.21	25.17	350.98	342.95	6.154	6.632	15.99	17.23	499.9	-0	0	83.42	2.35	-0.101	0.3	-0.22	2.74	1.00	0.00	0.19	111105
124	"13:24:16"	-1960.5	0	1.31	0.00375	-217	0.123	2.68	25.21	6	1.42	1	2.84	25.16	25.21	25.17	349.02	347.40	6.317	6.463	16.41	16.79	499.9	-0	0	83.42	2.35	-0.101	0.3	-0.22	2.74	1.00	0.00	0.19	111105
125	"13:24:26"	-1950.0	0	-4.45	-0.00297	-2.01E+03	-0.0974	2.67	25.21	6	1.42	1	2.84	25.17	25.21	25.17	339.12	344.50	6.688	6.572	17.37	17.07	499.9	-0	0	83.42	2.35	-0.101	0.7	-0.22	2.74	1.00	0.00	0.19	111105
126	"13:24:37"	-1939.5	0	-5.49	-0.00738	-835	-0.241	2.66	25.21	6	1.42	1	2.84	25.17	25.21	25.17	333.02	339.71	7.017	6.729	18.22	17.48	499.9	-0	0	83.42	2.35	-0.101	0.7	-0.22	2.74	1.00	0.00	0.19	111105
127	"13:24:47"	-1929.5	0	-1.72	-0.00193	-1.07E+03	-0.0627	2.65	25.22	6	1.42	1	2.84	25.17	25.22	25.17	335.94	338.02	6.905	6.830	17.93	17.74	500.0	-0	0	83.42	2.35	-0.101	0.7	-0.22	2.74	1.00	0.00	0.19	111105
128	"13:24:57"	-1919.0	0	-1.12	0.00131	1.66E+03	0.0425	2.65	25.22	6	1.42	1	2.84	25.17	25.22	25.18	336.33	337.66	6.761	6.812	17.56	17.69	500.0	-0	0	83.42	2.35	-0.101	0.7	-0.22	2.74	1.00	0.00	0.19	111105
129	"13:25:08"	-1908.5	0	-1.82	0.00661	752	0.216	2.67	25.22	6	1.42	1	2.84	25.17	25.22	25.18	337.24	339.33	6.394	6.651	16.60	17.27	499.9	-0	0	83.41	2.35	-0.101	0.7	-0.22	2.74	1.00	0.00	0.19	111105
130	"13:25:18"	-1898.5	0	-0.488	-0.00253	20.4	-0.0828	2.66	25.22	6	1.42	1	2.84	25.17	25.22	25.18	337.16	337.78	6.816	6.717	17.70	17.44	499.9	-0	0	83.41	2.35	-0.101	0.7	-0.22	2.74	1.00	0.00	0.19	111105
131	"13:25:28"	-1888.0	0	-3.13	-0.00192	-2.22E+03	-0.0627	2.66	25.22	6	1.42	1	2.84	25.17	25.22	25.18	333.38	337.17	6.793	6.718	17.63	17.44	499.9	-0	0	83.41	2.35	-0.101	0.7	-0.22	2.74	1.00	0.00	0.19	111105
132	"13:25:39"	-1877.5	0	-1.07	0.00102	1.95E+03	0.0334	2.66	25.22	6	1.42	1	2.84	25.18	25.22	25.18	335.44	336.71	6.686	6.726	17.35	17.46	499.9	-0	0	83.41	2.35	-0.101	0.7	-0.22	2.74	1.00	0.00	0.19	111105
133	"13:25:49"	-1867.5	0	-4.16	-0.00499	-979	-0.163	2.66	25.23	6	1.42	1	2.84	25.18	25.23	25.18	330.65	335.71	6.935	6.740	18.00	17.49	499.8	-0	0	83.41	2.35	-0.101	0.7	-0.22	2.74	1.00	0.00	0.19	111105
134	"13:25:59"	-1857.0	0	-0.655	-0.000932	-778	-0.0304	2.66	25.23	6	1.42	1	2.84	25.18	25.23	25.19	334.53	335.33	6.851	6.815	17.78	17.69	499.9	-0	0	83.41	2.35	-0.101	0.7	-0.22	2.74	1.00	0.00	0.19	111105
135	"13:26:10"	-1846.5	0	-2.17	-0.00487	-376	-0.159	2.65	25.23	6	1.42	1	2.84	25.18	25.23	25.19	331.66	334.32	7.073	6.884	18.35	17.86	500.0	-0	0	83.41	2.35	-0.101	0.7	-0.22	2.74	1.00	0.00	0.19	111105
136	"13:26:20"	-1836.5	0	14.1	0.0126	-1.42E+03	0.409	2.66	25.23	6	1.42	1	2.84	25.18	25.23	25.19	363.57	346.46	6.277	6.765	16.29	17.55	500.0	-0	0	83.41	2.35	-0.101	0.7	-0.22	2.74	1.00	0.00	0.19	111105
137	"13:26:30"	-1826.0	0	-2.19	0.0114	635	0.374	2.69	25.23	6	1.42	1	2.84	25.18	25.23	25.19	349.47	351.94	5.962	6.409	15.47	16.63	499.9	0	0	83.4	2.35	-0.101	0.3	-0.22	2.74	1.00	0.00	0.19	111105
138	"13:26:41"	-1815.5	0	-3.4	0.00184	3.21E+03	0.061	2.7	25.23	6	1.42	1	2.84	25.18	25.23	25.19	346.77	350.83	6.235	6.307	16.18	16.36	499.9	-0	0	83.41	2.35	-0.101	0.7	-0.22	2.74	1.00	0.00	0.19	111105
139	"13:26:51"	-1805.5	0	-3.13	0.00181	3.03E+03	0.0598	2.7	25.24	6	1.42	1	2.84	25.18	25.24	25.19	346.09	349.82	6.215	6.286	16.12	16.31	499.9	-0	0	83.41	2.35	-0.101	0.7	-0.22	2.74	1.00	0.00	0.19	111105
140	"13:27:01"	-1795.0	0	9.09	0.00612	-1.98E+03	0.203	2.71	25.23	6	1.42	1	2.84	25.19	25.23	25.19	365.98	354.99	5.957	6.199	15.45	16.08	500.0	-0	0	83.4	2.35	-0.101	0.7	-0.22	2.74	1.00	0.00	0.19	111105
141	"13:27:12"	-1784.5	0	-7.02	-0.00486	-1.9E+03	-0.162	2.71	25.24	6	1.42	1	2.84	25.19	25.24	25.19	354.40	362.90	6.360	6.166	16.50	16.00	499.9	-0	0	83.41	2.35	-0.101	0.7	-0.22	2.74	1.00	0.00	0.19	111105
142	"13:27:22"	-1774.5	0	-7.57	-0.00829	-1.08E+03	-0.274	2.69	25.24	6	1.42	1	2.84	25.19	25.24	25.19	344.00	353.19	6.732	6.404	17.46	16.61	499.9	-0	0	83.41	2.35	-0.101	0.3	-0.22	2.74	1.00	0.00	0.19	111105
143	"13:27:32"	-1764.0	0	3.09	0.00514	-604	0.17	2.69	25.23	6	1.42	1	2.84	25.19	25.23	25.19	357.69	353.91	6.168	6.370	16.00	16.52	499.9	-0	0	83.41	2.35	-0.101	0.7	-0.22	2.74	1.00	0.00	0.19	111105
144	"13:27:43"	-1753.5	0	-3.4	-0.000699	-7.24E+03	-0.0231	2.7	25.24	6	1.42	1	2.84	25.19	25.24	25.20	349.85	353.94	6.348	6.320	16.46	16.39	500.0	-0	0	83.41	2.35	-0.101	0.7	-0.22	2.74	1.00	0.00	0.19	111105
145	"13:27:53"	-1743.5	0	-5.93	0.000897	1.06E+04	0.0297	2.7	25.24	6	1.42	1	2.84	25.19	25.24	25.20	344.59	351.70	6.232	6.267	16.16	16.26	499.9	-0	0	83.41	2.35	-0.101	0.7	-0.22	2.74	1.00	0.00	0.19	111105
146	"13:28:03"	-1733.0	0	-5.78	-0.000222	-4.02E+04	-0.00739	2.71	25.24	6	1.42	1	2.84	25.19	25.24	25.20	346.98	353.92	6.195	6.186	16.07	16.05	499.9	-0	0	83.41	2.35	-0.101	0.7	-0.22	2.74	1.00	0.00	0.19	111105
147	"13:28:14"	-1722.5	0	-5.35	-0.0111	-416	-0.368	2.69	25.23	6	1.42	1	2.84	25.19	25.23	25.20	343.19	349.77	6.868	6.429	17.81	16.67	499.8	0	0	83.41	2.35	-0.101	0.3	-0.22	2.74	1.00	0.00	0.19	111105
148	"13:28:24"	-1712.5	0	-5.58	-0.00891	-645	-0.293	2.67	25.23	6	1.42	1	2.84	25.19	25.23	25.20	339.03	345.84	6.963	6.614	18.05	17.15	499.9	-0	0	83.4	2.35	-0.101	0.3	-0.22	2.74	1.00	0.00	0.19	111105
149	"13:28:34"	-1702.0	0	-3.83	-0.00331	-1.48E+03	-0.108	2.67	25.24	6	1.42	1	2.84	25.19	25.24	25.20	337.58	342.23	6.836	6.707	17.72	17.39	500.0	-0	0	83.4	2.35	-0.101	0.7	-0.22	2.74	1.00	0.00	0.19	111105
150	"13:28:45"	-1691.5	0	-2.76	-0.00315	-1.04E+03	-0.103	2.67	25.24	6	1.42	1	2.84	25.19	25.24	25.20	337.56	340.91	6.830	6.707	17.71	17.39	499.9	-0	0	83.4	2.35	-0.101	0.7	-0.22	2.74	1.00	0.00	0.19	111105
151	"13:28:55"	-1681.5	0	-2.75	-0.00561	-441	-0.183	2.66	25.24	6	1.42	1	2.84	25.20	25.24	25.20	335.41	338.78	6.999	6.780	18.14	17.58	499.9	-0	0	83.4	2.35	-0.101	0.7	-0.22	2.74	1.00	0.00	0.19	111105
152	"13:29:05"	-1671.0	0	-3.45	-0.00445	-887	-0.145	2.66	25.24	6	1.42	1	2.84	25.20	25.24	25.20	334.10	338.30	6.977	6.804	18.09	17.64	499.9	-0	0	83.4	2.35	-0.101	0.7	-0.22	2.74	1.00	0.00	0.19	111105
153	"13:29:16"	-1660.5	0	-1.99	-0.0056	-234	-0.182	2.65	25.24	6	1.42	1	2.84	25.20	25.24	25.20	333.82	336.28	7.116	6.898	18.45	17.88	500.0	-0	0	83.41	2.35	-0.101	0.7	-0.22	2.74	1.00	0.00	0.19	111105
154	"13:29:26"	-1650.5	0	-2.2	-0.00396	-547	-0.129	2.65	25.24	6	1.42	1	2.84	25.20	25.24	25.20	333.04	335.74	7.090	6.936	18.38	17.98	500.0	-0	0	83.41	2.35	-0.101	0.7	-0.22	2.74	1.00	0.00	0.19	111105
155	"13:29:36"	-1640.0	0	-2.24	-0.00192	-1.5E+03	-0.0625	2.65	25.25	6	1.42	1	2.84	25.20	25.25	25.21	332.63	335.35	7.014	6.940	18.18	17.99	499.9	-0	0	83.4	2.35	-0.101	0.7	-0.22	2.74	1.00	0.00	0.19	111105
156	"13:29:47"	-1629.5	0	-3.24	-0.0045	-805	-0.146	2.65	25.25	6	1.42	1	2.84	25.20	25.25	25.21	329.85	333.80	7.141	6.967	18.51	18.05	499.9	-0	0	83.4	2.35	-0.101	0.7	-0.22	2.74	1.00	0.00	0.19	111105
157	"13:29:57"	-1619.5	0	-1.18	-0.000869	-1.8E+03	-0.0282	2.64	25.22	6	1.42	1	2.84	25.20	25.22	25.21	332.23	333.66	7.003	6.969	18.15	18.06	499.9	-0	0	83.4	2.35	-0.101	0.7	-0.22	2.74	1.00	0.00	0.19	111105
158	"13:30:07"	-1609.0	0	6.47	0.0119	-521	0.388	2.66	25.22	6	1.42	1	2.84	25.20	25.22	25.21	352.72	344.79	6.283	6.745	16.28	17.48	499.9	-0	0	83.39	2.35	-0.101	0.7	-0.22	2.74	1.00	0.00	0.19	111105
159	"13:30:18"	-1598.5	0	-3.66	-0.00325	-1.43E+03	-0.106	2.66	25.20	6	1.42	1	2.84	25.21	25.20	25.21	337.23	341.67	6.870	6.743	17.80	17.47	499.9	-0	0	83.4	2.35	-0.101	0.7	-0.22	2.74	1.00	0.00	0.19	111105
160	"13:30:28"	-1588.5	0	-4.28	-0.00391	-1.38E+03	-0.127	2.65	25.21	6	1.42	1	2.84	25.21	25.21	25.21	334.27	339.46	6.964	6.812	18.04	17.65	499.9	-0	0	83.4	2.35	-0.101	0.7	-0.22	2.74	1.00	0.00	0.19	111105
161	"13:30:38"	-1578.0	0	-4.02	-0.00352	-1.46E+03	-0.114	2.65	25.20	6	1.42	1	2.84	25.21	25.20	25.22	331.57	336.44	7.008	6.871	18.15	17.80	499.9	-0	0	83.4	2.35	-0.101	0.7	-0.22	2.74	1.00	0.00	0.19	111105
162	"13:30:49"	-1567.5	0	-2.1	-0.00528	-303	-0.171	2.64	25.21	6	1.42	1	2.84	25.21	25.21	25.22	331.71	334.31	7.142	6.938	18.49	17.97	499.9	-0	0	83.4	2.35	-0.101	0.7	-0.22	2.74	1.00	0.00	0.19	111105
163	"13:30:59"	-1557.5	0	-2.67	-0.00549	-441	-0.178	2.64	25.21	6	1.42	1	2.84	25.21	25.21	25.22	330.22	333.50	7.221	7.009	18.70	18.15	499.9	-0	0	83.4	2.35	-0.101	0.7	-0.22	2.74	1.00	0.00	0.19	111105
164	"13:31:09"	-1547.0	0	-3.41	-0.00701	-444	-0.226	2.63	25.21	6	1.42	1	2.84	25.22	25.21	25.22	326.96	331.14	7.373	7.104	19.09	18.39	499.9	-0	0	83.4	2.35	-0.101	0.7	-0.22	2.74	1.00	0.00	0.19	111105
165	"13:31:20"	-1536.5	0	-2.43	-0.00377	-690	-0.121	2.62	25.21	6	1.42	1	2.84	25.22	25.21	25.22	327.33	330.29	7.294	7.149	18.88	18.51	500.0	0	0	83.4	2.35	-0.101	0.7	-0.22	2.74	1.00	0.00	0.19	111105
166	"13:31:30"	-1526.0	0	-1.98	-0.00335	-609	-0.108	2.62	25.22	6	1.42	1	2.84	25.22	25.22	25.23	327.16	329.58	7.314	7.185	18.93	18.60	500.0	-0	0	83.4	2.35	-0.101	0.7	-0.22	2.74	1.00	0.00	0.19	111105
167	"13:31:40"	-1516.0	0	-1.39	-0.00468	-151	-0.151	2.62	25.22	6	1.42	1	2.84	25.22	25.22	25.23	326.71	328.44	7.429	7.249	19.23	18.76	500.0	-0	0	83.4	2.35	-0.101	0.7	-0.22	2.74	1.00	0.00	0.19	111105
168	"14:28:55"	1918.5	0	29.6	0.0715	-573	2.69	3.15	26.21	6	1.42	1	2.84	25.52	26.21	25.52	124.86	89.02	-0.014	3.212	-0.04	8.17	499.5	-0	0	83.37	2.35	-0.101	0.3	-0.22	2.74	1.00	0.00	0.19	441105
